0.8564285714285301
0.4283928571443772
0.28563492063327145
0.21424107143013857
0.17139999999993855
0.14283730158560615
0.12243440233692071
0.107131696429974
0.09522927689897186
0.08570714286504358
0.07791617472955785
0.07142361111906072
0.06592983938343372
0.061220845485759144
0.057139682547508716
0.05356863838168786
0.050422639632990145
0.04761684302232128
0.04511080332099128
0.04285535715066657
0.04081470682867515
0.038959563159363865
0.037265730485598
0.035713045623619856
0.03428457143635257
0.03296597632343228
0.031745051933615
0.03061133380155572
0.029555800937648143
0.028570634928496284
0.027649026327645855
0.02678501675521214
0.025973370077014855
0.025210701916858858
0.024489212843421284
0.023808972652096715
0.02316550137994514
0.022555896346686
0.021977552374760286
0.021428124976300283
0.020905498427887425
0.020407758368369715
0.019933168526670996
0.019480150526339283
0.019047266345470142
0.018633202841732
0.018236758682796003
0.017856832826230427
0.017492413913228998
0.017142571436425287
0.016806448053546
0.016483252357816
0.016172252466338286
0.015872770879456426
0.015584179417021143
0.015305894706329998
0.015037374164096855
0.014778112811798999
0.014527639818481429
0.01428551588068063
0.014051330327255071
0.013824698940924557
0.013605262171001442
0.013392682720108387
0.013186644117065984
0.012986848969845758
0.012793017881852971
0.012605196533397941
0.012422210180432615
0.012244752147135985
0.012072292901585001
0.011904624106736815
0.011741816991442786
0.011582881174034202
0.011428444452464343
0.011278071851388615
0.011131604904601742
0.010988893535784128
0.010849795108138143
0.010714174146629413
0.010581901759287856
0.010452855507838057
0.010326918747490973
0.010203980428486715
0.01008393473446643
0.009966680782432943
0.009852122353302756
0.009740167568063543
0.009630728390901714
0.009523721300576585
0.009419065991916099
0.009316685828546814
0.009216507340311816
0.009118460238014384
0.009022477182263343
0.008928493988198071
0.008836448446774314
0.008746281271283199
0.008657935739910172
0.008571357150659915
