2.3393285714285286
1.1741125000014943
0.7837317460301156
0.5881703125015572
0.47071462857136287
0.39236130952211573
0.33637038734315144
0.2943639229924629
0.2616843621429329
0.23553575715074285
0.2141381667870843
0.19630458830157999
0.18121303725067145
0.1682762546902443
0.15706350476970427
0.14725168455915427
0.03781265448462743
0.13089727365138057
0.12401069085145515
0.1178125053649433
0.11220441019302387
0.107105966239767
0.10245071915520043
0.09818328681906299
0.09425714560777257
0.09063292719801042
0.08727709408747743
0.08416089843610315
0.08125955672918043
0.07855158889675799
0.07601828597938771
0.07364327699167657
0.07141217489018258
0.01890694514196257
0.06733236253103471
0.065462412724125
0.06369352059190085
0.06201770955350629
0.060427820778282855
0.05891741136023758
0.05748066689198943
0.05611232648812243
0.05480761857508757
0.05356220533878943
0.052372134540641
0.05123379739490229
0.05014389225216829
0.04909939273758057
0.048097519293247425
0.047135714636414854
0.046211622210875714
0.045323066694713574
0.04446803671394057
0.043644670034672
0.042851239887158714
0.04208614276376257
0.04134788752043757
0.040635086022788855
0.03994644414749358
0.03928075417432957
0.03863688739400571
0.038013787867592
0.03741046696393057
0.036825997615747855
0.03625950986905529
0.03571018638772414
0.03517725886702043
0.009453626996031816
0.03415774006156571
0.033669825158393715
0.033195652898905
0.03273465067659128
0.0088061282140371
0.031850021006376
0.03142539693500472
0.03101194610809643
0.030609233121747858
0.03021684516174414
0.029834390154676853
0.029461495658912856
0.029097807516314283
0.02874298900952257
0.028396719539929567
0.028058693814677717
0.027728620913996284
0.027406223459739285
0.027091236851336714
0.02678340848099986
0.026482496807085
0.026188271623921712
0.02590051238895443
0.025619008324831855
0.025343557589303144
0.02507396698299457
0.024810051430928286
0.024551633917572
0.024298544055716714
0.024050618795268285
0.02380770184294986
0.023569642907782
