0.28571428571579005
0.14285714285865
0.0952380952364733
0.07142857143007986
0.057142857150704864
0.047619047626883716
0.04081632653529157
0.035714285703151
0.031746031734871
0.02857142857929214
0.025974025969206144
0.023809523798349143
0.021978021970030855
0.020408163247814002
0.019047619055432858
0.017857142871426285
1.1051477193697271e-11
0.015873015861738428
0.015037594011741711
0.0142857142617763
0.013605442203764742
0.012987012982230385
0.012422360281621228
0.011904761893560028
0.011428571436297328
0.010989011022287184
0.010582010542454457
0.0102040816597006
0.0098522167692318
0.009523809531497559
0.009216589828321886
0.008928571392059171
0.008658008618159643
4.277213504013029e-11
0.008163265266285843
0.0079365079253435
0.007722007751974143
0.007518797019491686
0.007326007276616972
0.0071428571821868
0.0069686411799909
0.0068027211151162285
0.006644518223313557
0.006493506558388372
0.006349206309381414
0.006211180157565471
0.0060790273982647145
0.0059523810171745
0.0058309037503891286
0.005714285721961486
0.005602240961304671
0.005494505445380328
0.005390835508034543
0.005291005336996842
0.005194805154789299
0.005102040754374171
0.005012531355459114
0.0049261083946967295
0.004842615083549315
0.004761904674336186
0.004683840788821671
0.004608294995847985
0.004535147352603886
0.004464285779042543
0.0043956043877381714
0.004329004393888172
0.0042643922463194
6.460863590161486e-11
0.0041407867098212005
0.004081632724200242
0.004024144857872614
0.003968253957253871
2.0808751547260144e-11
0.0038610037738402146
0.003809523817428172
0.0037593985231129286
0.003710575099383614
0.003663003613788414
0.003616636628121586
0.0035714284839093
0.003527336906739015
0.0034843206224647143
0.0034423407170842426
0.0034013605711155285
0.0033613446567112427
0.0033222590868575716
0.0032840723621672713
0.0032467533117903286
0.0032102728208067426
0.003174603277652671
0.0031397175410293856
0.0031055899497494425
0.0030721966855321433
0.0030395135715391855
0.003007518883979543
0.0029761905411263
0.002945508161644743
0.0029154520105275855
0.0028860028461125857
0.002857142706704157
